%YAML:1.0
---
M1: !!opencv-matrix
   rows: 3
   cols: 3
   dt: d
   data: [ 7.7784832020312786e+02, 0., 6.7093821252203429e+02, 0.,
       8.4119265594203819e+02, 5.0498492073531116e+02, 0., 0., 1. ]
D1: !!opencv-matrix
   rows: 1
   cols: 14
   dt: d
   data: [ -3.1207214174437670e-01, 9.7461431373983595e-02, 0., 0., 0.,
       0., 0., 1.5921958749021768e-02, 0., 0., 0., 0., 0., 0. ]
M2: !!opencv-matrix
   rows: 3
   cols: 3
   dt: d
   data: [ 7.7784832020312786e+02, 0., 6.7464345086584478e+02, 0.,
       8.4119265594203819e+02, 5.1026975778176762e+02, 0., 0., 1. ]
D2: !!opencv-matrix
   rows: 1
   cols: 14
   dt: d
   data: [ -3.0784191045405240e-01, 9.4802260568720723e-02, 0., 0., 0.,
       0., 0., 2.3042361225010709e-02, 0., 0., 0., 0., 0., 0. ]
